  1      1     0       0    0
  2      1     1       6    0
  2      2     1       0   10
  2      3     9       0    8
  3      1     4       6    0
  3      2     5       0   10
  3      3     7       0   10
  4      1     1       3    0
  4      2     3       3    0
  4      3     4       3    0
  5      1     3       0    1
  5      2     6      10    0
  5      3     7       8    0
  6      1     2       9    0
  6      2     6       6    0
  6      3    10       0    2
  7      1     2       1    0
  7      2     4       0    8
  7      3     7       0    7
  8      1     3       8    0
  8      2     5       0    8
  8      3     6       5    0
  9      1     1       2    0
  9      2     3       0    4
  9      3     6       2    0
 10      1     8       0   10
 10      2     8       0    9
 10      3     9       0    9
 11      1     1       2    0
 11      2     3       0    5
 11      3     8       0    3
 12      1     4       0    8
 12      2     9       0    8
 12      3    10       0    6
 13      1     5       2    0
 13      2     6       0    9
 13      3    10       0    7
 14      1     5       0    6
 14      2     7       3    0
 14      3    10       3    0
 15      1     3       8    0
 15      2     4       0    7
 15      3     9       6    0
 16      1     4       0    7
 16      2     6       0    7
 16      3     7       5    0
 17      1     2       0    4
 17      2     2       0    5
 17      3     3       0    2
 18      1     0       0    0
