  1      1     0
  2      1     1
  2      2     1
  2      3     9
  3      1     4
  3      2     5
  3      3     7
  4      1     1
  4      2     3
  4      3     4
  5      1     3
  5      2     6
  5      3     7
  6      1     2
  6      2     6
  6      3    10
  7      1     2
  7      2     4
  7      3     7
  8      1     3
  8      2     5
  8      3     6
  9      1     1
  9      2     3
  9      3     6
 10      1     8
 10      2     8
 10      3     9
 11      1     1
 11      2     3
 11      3     8
 12      1     4
 12      2     9
 12      3    10
 13      1     5
 13      2     6
 13      3    10
 14      1     5
 14      2     7
 14      3    10
 15      1     3
 15      2     4
 15      3     9
 16      1     4
 16      2     6
 16      3     7
 17      1     2
 17      2     2
 17      3     3
 18      1     0