  1      1     0       0    0
  2      1     1       0    1
  2      2     1       8    0
  2      3     9       8    0
  3      1     4       0    5
  3      2     5       5    0
  3      3     7       0    4
  4      1     1       0    7
  4      2     3       8    0
  4      3     4       0    3
  5      1     3       0    9
  5      2     6       6    0
  5      3     7       2    0
  6      1     2       0    8
  6      2     6       0    5
  6      3    10       0    5
  7      1     2       0    6
  7      2     4       0    6
  7      3     7       0    6
  8      1     3       0    6
  8      2     5       0    4
  8      3     6       3    0
  9      1     1       0    7
  9      2     3       0    6
  9      3     6       0    6
 10      1     8       0    5
 10      2     8       1    0
 10      3     9       0    6
 11      1     1       8    0
 11      2     3       8    0
 11      3     8       6    0
 12      1     4       3    0
 12      2     9       0    6
 12      3    10       2    0
 13      1     5       0    5
 13      2     6       0    4
 13      3    10       0    2
 14      1     5       0    5
 14      2     7       6    0
 14      3    10       5    0
 15      1     3      10    0
 15      2     4       7    0
 15      3     9       0    5
 16      1     4      10    0
 16      2     6       0    8
 16      3     7       0    1
 17      1     2       0    4
 17      2     2       5    0
 17      3     3       5    0
 18      1     0       0    0
